initial_pose_x: 0.000007
initial_pose_y: -0.000020
initial_pose_a: -0.000002

